{
 "cells": [
  {
   "cell_type": "code",
   "execution_count": 13,
   "metadata": {},
   "outputs": [
    {
     "name": "stdout",
     "output_type": "stream",
     "text": [
      "Welcome to JC Evolution Tree Generation\n",
      "Would you like to generate a random tree? (yes/no) yes\n",
      "How long would you like your sequence to be? 25\n",
      "How many sequences do you want back? 10\n",
      "Please input the mutations per site per generation: 0.005\n",
      "Generating random tree\n",
      "This is the sequence you are using: CTGCTGTCTCTTCGTACTCCACGCT\n",
      "Proportion different = [[ 0.    0.04  0.08  0.04  0.08  0.12  0.16  0.2   0.24  0.2   0.2 ]\n",
      " [ 0.04  0.    0.04  0.08  0.12  0.16  0.2   0.24  0.28  0.24  0.24]\n",
      " [ 0.08  0.04  0.    0.04  0.08  0.12  0.16  0.2   0.24  0.2   0.2 ]\n",
      " [ 0.04  0.08  0.04  0.    0.04  0.08  0.12  0.16  0.2   0.16  0.16]\n",
      " [ 0.08  0.12  0.08  0.04  0.    0.04  0.08  0.12  0.2   0.16  0.16]\n",
      " [ 0.12  0.16  0.12  0.08  0.04  0.    0.04  0.08  0.16  0.12  0.12]\n",
      " [ 0.16  0.2   0.16  0.12  0.08  0.04  0.    0.04  0.12  0.08  0.08]\n",
      " [ 0.2   0.24  0.2   0.16  0.12  0.08  0.04  0.    0.08  0.04  0.04]\n",
      " [ 0.24  0.28  0.24  0.2   0.2   0.16  0.12  0.08  0.    0.04  0.08]\n",
      " [ 0.2   0.24  0.2   0.16  0.16  0.12  0.08  0.04  0.04  0.    0.04]\n",
      " [ 0.2   0.24  0.2   0.16  0.16  0.12  0.08  0.04  0.08  0.04  0.  ]]\n",
      "\n",
      "1 CTGCTGTCTCTTCGTACTCCACGCT\n",
      "2 CTGCTGTCTCTTCGTACTCCACGCA\n",
      "3 CTGCTGTCTCTTCGTACTCCACGGA\n",
      "4 CTGCTGTCTCTTCGTACTCCACGGT\n",
      "5 CTGCTCTCTCTTCGTACTCCACGGT\n",
      "6 TTGCTCTCTCTTCGTACTCCACGGT\n",
      "7 TTGCTCTCTCCTCGTACTCCACGGT\n",
      "8 TTGCTCTCTGCTCGTACTCCACGGT\n",
      "9 TTGCTATCAGCTCGTACTCCACGGT\n",
      "10 TTGCTATCTGCTCGTACTCCACGGT\n",
      "11 TTGCTTTCTGCTCGTACTCCACGGT\n",
      "\n",
      "Mutation times: [0, 2, 5, 7, 10, 13, 18, 21, 26, 33, 34]\n",
      "\n",
      "JC Distance Matrix in Order 1 - 10\n",
      "[[ 0.          0.04        0.08        0.04        0.08        0.12        0.16\n",
      "   0.2         0.24        0.2         0.2       ]\n",
      " [ 0.04       -0.          0.04227559  0.08975982  0.14369132  0.20577895\n",
      "   0.27846618  0.3654081   0.47240469  0.3654081   0.3654081 ]\n",
      " [ 0.08        0.04227559 -0.          0.04227559  0.08975982  0.14369132\n",
      "   0.20577895  0.27846618  0.3654081   0.27846618  0.27846618]\n",
      " [ 0.04        0.08975982  0.04227559 -0.          0.04227559  0.08975982\n",
      "   0.14369132  0.20577895  0.27846618  0.20577895  0.20577895]\n",
      " [ 0.08        0.14369132  0.08975982  0.04227559 -0.          0.04227559\n",
      "   0.08975982  0.14369132  0.27846618  0.20577895  0.20577895]\n",
      " [ 0.12        0.20577895  0.14369132  0.08975982  0.04227559 -0.\n",
      "   0.04227559  0.08975982  0.20577895  0.14369132  0.14369132]\n",
      " [ 0.16        0.27846618  0.20577895  0.14369132  0.08975982  0.04227559\n",
      "  -0.          0.04227559  0.14369132  0.08975982  0.08975982]\n",
      " [ 0.2         0.3654081   0.27846618  0.20577895  0.14369132  0.08975982\n",
      "   0.04227559 -0.          0.08975982  0.04227559  0.04227559]\n",
      " [ 0.24        0.47240469  0.3654081   0.27846618  0.27846618  0.20577895\n",
      "   0.14369132  0.08975982 -0.          0.04227559  0.08975982]\n",
      " [ 0.2         0.3654081   0.27846618  0.20577895  0.20577895  0.14369132\n",
      "   0.08975982  0.04227559  0.04227559 -0.          0.04227559]\n",
      " [ 0.2         0.3654081   0.27846618  0.20577895  0.20577895  0.14369132\n",
      "   0.08975982  0.04227559  0.08975982  0.04227559 -0.        ]]\n",
      "[['CTGCTGTCTCTTCGTACTCCACGCT']\n",
      " ['CTGCTGTCTCTTCGTACTCCACGCA']\n",
      " ['CTGCTGTCTCTTCGTACTCCACGGA']\n",
      " ['CTGCTGTCTCTTCGTACTCCACGGT']\n",
      " ['CTGCTCTCTCTTCGTACTCCACGGT']\n",
      " ['TTGCTCTCTCTTCGTACTCCACGGT']\n",
      " ['TTGCTCTCTCCTCGTACTCCACGGT']\n",
      " ['TTGCTCTCTGCTCGTACTCCACGGT']\n",
      " ['TTGCTATCAGCTCGTACTCCACGGT']\n",
      " ['TTGCTATCTGCTCGTACTCCACGGT']\n",
      " ['TTGCTTTCTGCTCGTACTCCACGGT']]\n"
     ]
    }
   ],
   "source": [
    "# %load JC-Tree-building.py\n",
    "print('Welcome to JC Evolution Tree Generation') # this is the title\n",
    "\n",
    "import random #idk what these do but i need a random number generator\n",
    "import numpy as np\n",
    "import scipy.io as sio\n",
    "import math\n",
    "\n",
    "randomtree = input('Would you like to generate a random tree? (yes/no) ')\n",
    "#notes are written using pounds\n",
    "#int() is for integer input\"\n",
    "\n",
    "lengt = int(input('How long would you like your sequence to be? '))\n",
    "term = int(input('How many sequences do you want back? '))\n",
    "alpha = float(input('Please input the mutations per site per generation: '))\n",
    "#total terms are term for end, lengt for length of sequence and randomtree for gen rand or not\n",
    "\n",
    "#generate or input the initial sequence and store it in isq\n",
    "if randomtree == \"yes\" or randomtree == \"Yes\":\n",
    "    isq = ''\n",
    "    for m in range(lengt):\n",
    "        letterm = random.choice(['A','T','G','C'])\n",
    "        isq += letterm\n",
    "        #this stores the sequence in isq\n",
    "        #generates the DNA sequence\n",
    "    print('Generating random tree')\n",
    "elif randomtree == \"no\" or randomtree == \"No\":\n",
    "    print('Generating tree with given sequence')\n",
    "    isq = input('Please input the DNA sequence ') #input sequence           \n",
    "else:\n",
    "    print('CODE ERROR BEEP BOOP BEEP BOOP FORCE QUIT PLS')\n",
    "    print('Please try again using only yes or no')\n",
    "\n",
    "n = 1\n",
    "time = 0\n",
    "D = np.zeros((term+1,term+1))\n",
    "\n",
    "print('This is the sequence you are using: ' + isq)\n",
    "           \n",
    "#doing the JC evolution\n",
    "\n",
    "Mi = np.matrix([[1 - alpha, alpha / 3, alpha / 3, alpha / 3],\n",
    "                  [alpha / 3, 1 - alpha, alpha / 3, alpha / 3],\n",
    "                  [alpha / 3, alpha / 3, 1 - alpha, alpha / 3],\n",
    "                  [alpha / 3, alpha / 3, alpha / 3, 1 - alpha]])\n",
    "        #INSERT MATRIX HERE\n",
    "        #JC Matrix\n",
    "M = Mi\n",
    "slist = [isq]\n",
    "timelist = [0]\n",
    "\n",
    "while n <= term:\n",
    "    #read isq\n",
    "    time = time + 1\n",
    "    nsq = ''\n",
    "    for letter in isq:\n",
    "        ranmut = random.uniform(0,1)        #generate a random number between 0 and 1\n",
    "\n",
    "        if letter == 'A':\n",
    "            if ranmut <= M[0,0]:        #first term in the matrix\n",
    "                letter = 'A'            #prob is A\n",
    "            #somehow replace A with A in the original sequence\n",
    "            elif ranmut <= M[0,1] + M[0,0]:\n",
    "                letter = 'T'\n",
    "            #replace A with T\n",
    "            elif ranmut <= M[0,2] + M[0,1] + M[0,0]:\n",
    "                letter = 'G'\n",
    "            #replace A with G\n",
    "            elif ranmut <= 1:\n",
    "                letter = 'C'\n",
    "            #replace A with C\n",
    "        \n",
    "        \n",
    "        elif letter == 'T':         \n",
    "            if ranmut <= M[1,0]:\n",
    "                letter = 'A'\n",
    "            #somehow replace c with A in the original sequence\n",
    "            elif ranmut <= M[1,1] + M[1,0]:\n",
    "                letter = 'T'\n",
    "            #replace T with T\n",
    "            elif ranmut <= M[1,2] + M[1,1] + M[1,0]:\n",
    "                letter = 'G'\n",
    "            #replace T with G\n",
    "            elif ranmut <= 1:\n",
    "                letter = 'C'\n",
    "            #replace T with C\n",
    "\n",
    "\n",
    "        elif letter == 'G':\n",
    "            if ranmut <= M[2,0]:\n",
    "                letter = 'A'\n",
    "            #somehow replace G with A in the original sequence\n",
    "            elif ranmut <= M[2,1] + M[2,0]:\n",
    "                letter = 'T'\n",
    "            #replace G with T\n",
    "            elif ranmut <= M[2,2] + M[2,1] + M[2,0]:\n",
    "                letter = 'G'\n",
    "            #replace G with G\n",
    "            elif ranmut <= 1:\n",
    "                letter = 'C'\n",
    "            #replace G with C\n",
    "\n",
    "\n",
    "        elif letter == 'C':\n",
    "            if ranmut <= M[3,0]:\n",
    "                letter = 'A'\n",
    "            #somehow replace C with A in the original sequence\n",
    "            elif ranmut <= M[3,1] + M[3,0]:\n",
    "                letter = 'T'\n",
    "            #replace C with T\n",
    "            elif ranmut <= M[3,2] + M[3,1] + M[3,0]:\n",
    "                letter = 'G'\n",
    "            #replace C with G\n",
    "            elif ranmut <= 1:\n",
    "                letter = 'C'\n",
    "            #replace C with C\n",
    "        nsq += letter\n",
    "\n",
    "        \n",
    "    M = M.dot(Mi)    #move the matrix one more dimension down\n",
    "    \n",
    "#now check for if the sequence is the same if not add to the list, if it is then ignore and repeat\n",
    "    if isq != nsq:\n",
    "        slist.append(nsq)\n",
    "        isq = nsq\n",
    "        timelist.append(time)\n",
    "        n = n + 1\n",
    "        M = Mi\n",
    "\n",
    "#create the Jukes Cantor Distance Matrix\n",
    "dis = D\n",
    "dif = 0\n",
    "for l in range(0,term+1):\n",
    "    for k in range(0,term+1):\n",
    "        dif = 0\n",
    "        for letter, let in zip(slist[l], slist[k]):\n",
    "            if letter != let:\n",
    "                dif = dif + 1\n",
    "        dis[l,k] = dis[k,l] = dif/lengt\n",
    "\n",
    "print('Proportion different = ' + str(dis))\n",
    "\n",
    "for i in range(1,term+1):\n",
    "    for j in range(1,term+1):\n",
    "        D[i,j] = D[j,i] =  -3/4*np.log(1-4/3*dis[i,j])\n",
    "        \n",
    "#final step list the sequences and the final distances\n",
    "print('')\n",
    "num = 1\n",
    "l = []\n",
    "for sequence in slist:\n",
    "    print(num, sequence)\n",
    "    l.append([sequence])\n",
    "    num = num + 1\n",
    "\n",
    "l = np.asarray(l)\n",
    "print('')\n",
    "print('Mutation times: ' + str(timelist))\n",
    "print('')\n",
    "print('JC Distance Matrix in Order 1 - ' + str(term))\n",
    "distMatrix = D\n",
    "print(distMatrix)"
   ]
  }
 ],
 "metadata": {
  "kernelspec": {
   "display_name": "Python 3",
   "language": "python",
   "name": "python3"
  },
  "language_info": {
   "codemirror_mode": {
    "name": "ipython",
    "version": 3
   },
   "file_extension": ".py",
   "mimetype": "text/x-python",
   "name": "python",
   "nbconvert_exporter": "python",
   "pygments_lexer": "ipython3",
   "version": "3.6.2"
  }
 },
 "nbformat": 4,
 "nbformat_minor": 2
}
